%YAML:1.0
---
Cameras:
   -
      Name: CameraF
      Width: 1920
      Height: 1080
      C: 9.9807989668088370e-01
      D: 1.4438287376341509e-03
      E: -1.3583009815789390e-04
      U0: 1.0004076639482510e+03
      V0: 5.4315456361695328e+02
      Poly: [ -8.6767556291867186e+02, 0., 4.8949327301780750e-04,
          4.6795972273170990e-07, -1.0106501780570828e-09 ]
      InversePoly: [ 3.0359535046295314e+03, 1.2941743752320390e+04,
          3.6753013531996359e+04, 5.6442940942220099e+04,
          3.9225302636980174e+04, -9.6303045231904900e+02,
          -1.6332688072292103e+04, -2.9645943730532067e+03,
          6.7297726329195475e+03, 4.1779063473264732e+03,
          6.9016014562908538e+02, -2.3936039716266531e+01 ]
      # Extrinsic parameters: [0-2] rotation rodrigues vector, [3-5] translation vector.
      Extrinsic: [ 0., 0., 0., -2.6804602072739155e-02,
          2.4576682616284020e-06, 4.6982377612571034e-02 ]
   -
      Name: CameraR
      Width: 1920
      Height: 1080
      C: 9.9843975885971437e-01
      D: 7.7632072274733707e-04
      E: 5.6617339122613233e-04
      U0: 9.7347749514880036e+02
      V0: 5.4519221441125421e+02
      Poly: [ -8.5059890547540942e+02, 0., 3.2787639404189699e-04,
          -1.5152883141352457e-08, 2.8775290628552929e-11 ]
      InversePoly: [ 3.5883830811783687e+03, 1.6341819894829183e+04,
          4.5176598297400553e+04, 6.6673502522956696e+04,
          4.5106873607040725e+04, 1.0376720897033898e+02,
          -1.6610469423061251e+04, -3.6485529769649047e+03,
          5.5557066824772692e+03, 3.3622365120768441e+03,
          4.7197260911308723e+02, -3.8289184860937318e+01 ]
      # Extrinsic parameters: [0-2] rotation rodrigues vector, [3-5] translation vector.
      Extrinsic: [ -4.8168203971316248e-03, 1.5533739478586315e+00,
          -2.2293997165619109e-03, 4.6221682662250491e-02,
          -1.9547413146472366e-04, 2.6348708550734810e-02 ]
   -
      Name: CameraB
      Width: 1920
      Height: 1080
      C: 9.9856096803521799e-01
      D: 3.3091323287262001e-03
      E: -1.6378254227622641e-03
      U0: 9.5070245581143740e+02
      V0: 5.1403326317485403e+02
      Poly: [ -8.4839939437898227e+02, 0., 3.2361210835669095e-04,
          -1.2671282893433199e-08, -1.0626569685901051e-11 ]
      InversePoly: [ 2.8425590719600841e+03, 1.1426315662366860e+04,
          3.2514042344066373e+04, 5.1806693552685036e+04,
          3.9474076953387448e+04, 2.8440234626307615e+03,
          -1.6122950146494559e+04, -6.3533818024990414e+03,
          5.4617100518031984e+03, 5.5718418422295563e+03,
          1.8321894282615854e+03, 2.1418585763248805e+02 ]
      # Extrinsic parameters: [0-2] rotation rodrigues vector, [3-5] translation vector.
      Extrinsic: [ 1.6062459765998859e-02, 3.1335488586693909e+00,
          -3.3351710913443705e-03, 2.7216244720179850e-02,
          -2.6569774074599857e-04, -4.6847092354108354e-02 ]
   -
      Name: CameraL
      Width: 1920
      Height: 1080
      C: 9.9893269995275069e-01
      D: 1.8339430272762208e-03
      E: -3.5612737995342693e-04
      U0: 9.6991588268959845e+02
      V0: 5.2418610798172801e+02
      Poly: [ -8.4629423497857124e+02, 0., 3.3029462423092646e-04,
          2.4870235057872473e-08, -2.6605184626930042e-11 ]
      InversePoly: [ 3.0815563359662106e+03, 1.2251133325400640e+04,
          3.0746075451756813e+04, 3.8171232953392493e+04,
          1.1280296004539679e+04, -2.2810939467999149e+04,
          -2.1489258855726865e+04, 2.4265688275600742e+03,
          1.2237374645194117e+04, 6.5347597818571148e+03,
          1.2485797844089923e+03, 4.0444997721990120e+01 ]
      # Extrinsic parameters: [0-2] rotation rodrigues vector, [3-5] translation vector.
      Extrinsic: [ -1.4784820370333343e-02, -1.5850633845346376e+00,
          1.1876993595328161e-02, -4.6633325309691172e-02,
          4.5871420394909610e-04, -2.6483993809197481e-02 ]
